11111110000100100
11111110000110101
11111110000101001
11111110000011100
11111101111001010
11111101110101011
11111101100011101
11111101001100111
11111100101001010
11111011100001011
11111001001001001
11101110100010100
00011101010100001
00001000010101110
00000101001100101
00000100001110111
00000011101110000
00000100000010111
00000101000100101
00001000010000010
00011101000101010
11101110100010111
11111001000101011
11111011100001001
11111100101001010
11111101001110001
11111101100100001
11111101110001010
11111101101010011
11111110000001000
11111110000001011
11111110000011101
00000000000000000
11111111110111101
11111111110010010
11111111101011000
11111111100111111
11111111010010000
11111111000111010
11111110111100001
11111110100111110
11111110000100011
11111100111011000
11111000011000000
00001011110010000
00000010110011001
00000001001110100
00000000011110001
00000000000000000
11111111011011111
11111110101110110
11111101001010010
11110011111111001
00000111111100110
00000011001110000
00000010000000111
00000001011000010
00000000111111101
00000000110100000
00000000100111110
00000000100111000
00000000010000101
00000000001100010
00000000000101111
