00000000010100010
00000000010101011
00000000011101100
00000000100111000
00000001010000000
00010010011101011
11111011110001110
00000001110110000
00000000010111110
00000000000110110
00000000001001001
00000000000100001
00000000000101001
11111111111101111
00000000000101111
00000000000110011
00000000000101010
00000000000101101
00000000000101010
00000000000011010
00000000000101100
00000000000001101
00000000001001100
00000000001010110
00000000010111110
00000001111101010
11111011110100001
00010010011011101
00000001010000011
00000000101010001
00000000011110111
00000000010100111
00000000000000000
00000000000000100
00000000000100101
00000000001110101
00000000011001011
00000101011111001
11111111001001111
00000000000011011
11111111111010000
11111111111011111
11111111111010110
00000000000000100
11111111111101110
00000000000000011
11111111111110110
11111111111110100
00000000000000000
00000000000000000
00000000000000101
00000000000011001
00000000000010101
00000000000011111
00000000000100011
00000000000001111
00000000000110000
11111111111100101
00000000111001000
11111010001101110
11111111100110010
11111111111001101
11111111111010000
00000000000110010
