00000011111000000
11111111111001110
11111111111000000
11111111111000101
11111111111000000
11111111110111111
11111111111000000
11111111111000110
11111111111000000
11111111110111110
11111111111000000
11111111110111111
11111111111000000
11111111110111111
11111111111000000
11111111111000101
11111111111000000
11111111110111110
11111111111000000
11111111110111111
11111111111000000
11111111110111101
11111111111000000
11111111110111100
11111111111000000
11111111110111110
11111111111000000
11111111110111101
11111111111000000
11111111110111101
11111111111000000
11111111110111001
00000000000000000
00000010100100100
00000000000000000
00000000110101110
00000000000000000
00000000011101111
00000000000000000
00000000010100110
00000000000000000
00000000001100100
00000000000000000
00000000001000010
00000000000000000
00000000000100101
00000000000000000
00000000000010011
00000000000000000
11111111111110100
00000000000000000
11111111111011000
00000000000000000
11111111110111001
00000000000000000
11111111110010110
00000000000000000
11111111101100100
00000000000000000
11111111100010000
00000000000000000
11111111001010011
00000000000000000
11111101011011001
