00000011110000000
11111101011110110
00000000001111100
00000000110010101
11111111110010010
11111111101000011
00000000001011001
00000000001100110
11111111111000000
11111111111011001
00000000000100111
00000000000001101
11111111111101110
11111111111111101
00000000000000011
00000000000000101
00000000000000000
11111111111111110
00000000000000100
11111111111111011
11111111111101110
00000000000010001
00000000000100111
11111111111010110
11111111111000000
00000000001011011
00000000001011001
11111111101000011
11111111110010010
00000000110000111
00000000001111101
11111101011011111
00000000000000000
11111111110000001
00000000000011001
00000000001100011
11111111111010010
11111111110011101
00000000000111101
00000000001000001
11111111111000000
11111111111001100
00000000000111100
00000000000011101
11111111111010010
11111111111110111
00000000000011001
11111111111111010
00000000000000000
11111111111111111
11111111111100111
00000000000001101
00000000000101110
11111111111100011
11111111111000011
00000000000111011
00000000001000000
11111111110110100
11111111111000100
00000000001101011
00000000000101110
11111111110001001
11111111111100111
00000000010010010
