11111111110000110
11111111110011110
11111111110011011
11111111110011010
11111111110010011
11111111110010010
11111111110000001
11111111101110011
11111111101010010
11111111100011100
11111111010100100
11111110010000100
00000010111011100
00000000110101100
00000000100001001
00000000011011010
00000000010111110
00000000011010010
00000000100000101
00000000110101000
00000010111010001
11111110010000110
11111111010100001
11111111100011011
11111111101010010
11111111101110100
11111111110000100
11111111110010010
11111111110001000
11111111110011100
11111111110011101
11111111110100000
00000000000000000
11111111111110100
11111111111110011
11111111111110000
11111111111101110
11111111111100000
11111111111001110
11111111111001000
11111111110111100
11111111110011100
11111111101100100
11111111001111110
00000001001011011
00000000010001010
00000000001000100
00000000000010111
00000000000000000
11111111111100100
11111111110111011
11111111101110010
11111110110011010
00000000110010100
00000000010100110
00000000001101010
00000000001000100
00000000000110100
00000000000101110
00000000000100000
00000000000011101
00000000000001010
00000000000001000
00000000000000111
