11111111000000010
11111111000010111
11111111000010100
11111111000001011
11111110111100101
11111110111010101
11111110110010001
11111110100110010
11111110010100100
11111101110000110
11111100100101001
11110111010001011
00001110101010010
00000100001011010
00000010100101111
00000010000111001
00000001110111110
00000010000001001
00000010100010000
00000100001000011
00001110100010111
11110111010001101
11111100100011001
11111101110000110
11111110010100100
11111110100111010
11111110110010011
11111110111000111
11111110110101010
11111111000000100
11111111000000111
11111111000001111
00000000000000000
11111111111011011
11111111111001000
11111111110101100
11111111110100000
11111111101000111
11111111100011100
11111111011110000
11111111010100010
11111111000010000
11111110011110011
11111100001100000
00000101111001001
00000001011001100
00000000100110110
00000000001111001
00000000000000000
11111111101101111
11111111010111110
11111110100101100
11111001111111100
00000011111110101
00000001100110100
00000001000000110
00000000101011110
00000000011111110
00000000011001111
00000000010100000
00000000010011011
00000000001000000
00000000000110010
00000000000011001
