01111100000000000
11111100011100000
11111100001100000
11111100001111011
11111100000100000
11111100000000010
11111100000101010
11111100001101001
11111100000000000
11111011111100000
11111011111100000
11111011111100110
11111100000000000
11111011111100111
11111100000010001
11111100000111011
11111100000000000
11111011111100000
11111011111100000
11111011111011001
11111011111100000
11111011110111110
11111011111010110
11111011110111001
11111100000000000
11111011111100000
11111011111100000
11111011111000110
11111100000000000
11111011111011001
11111011111101111
11111011110100011
00000000000000000
00101001001000000
00010100011000000
00001101100010101
00001001110000000
00000111011111011
00000110000111111
00000101001011110
00000100000000000
00000011001000000
00000010101000000
00000010000010110
00000001101100000
00000001001011010
00000000111011000
00000000100101100
00000000000000000
11111111101000000
11111111001000000
11111110101101001
11111110010000000
11111101110000101
11111101010000001
11111100101010010
11111100000000000
11111011001000000
11111001111000000
11111000011101100
11110110010100000
11110010100100110
11101011101101000
11010110110100100
