11111110000010010
11111100011111011
00000001101001010
00000000010110011
00000000000011110
11111111111110000
11111111110101111
11111111110111011
11111111110101010
11111111110111010
00000001010111111
11111101101110110
00000010101010000
00000000101000011
00000000010110001
00000000010010011
00000000001110010
00000000001111101
00000000010110110
00000000101000001
00000010101000110
11111101101111000
00000001011010101
11111111110111101
11111111110101010
11111111110101110
11111111111000001
11111111111100110
00000000000010100
00000000010100101
00000001101001011
11111100011010101
00000000000000000
00000000011000110
11111111011101111
11111111101011100
11111111110001000
11111111101111011
11111111101011111
11111111100111111
11111111100010100
11111111010000011
11111100011101110
11111111111011011
00000001011100110
00000000011010110
00000000001101111
00000000000100101
00000000000000000
11111111111010110
11111111110100101
11111111100101000
11111110100010000
00000000001000101
00000011100011001
00000000110001001
00000000011101100
00000000010110001
00000000010010110
00000000010000001
00000000010000010
00000000010001010
00000000100000001
11111111101000011
