00000001110110000
11111110011100111
00000000110101100
11111111110001001
00000000000000000
11111111111110111
00000000000100010
11111111111101111
00000000000000000
00000000000000100
00000000000000101
11111111111111011
00000000000000000
00000000000000100
11111111111111011
00000000000000101
00000000000000000
11111111111111111
00000000000000000
00000000000000001
00000000000000000
11111111111111001
00000000000001000
00000000000000101
00000000000000000
11111111111101010
00000000000100111
11111111111110011
00000000000000000
11111111110001000
00000000110110011
11111110011011111
00000000000000000
11111111110101100
00000000001010100
11111111111001111
00000000000000000
11111111111111010
00000000000011100
11111111111100001
00000000000000000
00000000000000001
00000000000001011
11111111111110101
00000000000000000
00000000000000111
00000000000000001
11111111111110111
00000000000000000
00000000000000110
00000000000000010
11111111111111011
00000000000000000
00000000000001110
11111111111110100
00000000000000011
00000000000000000
00000000000010101
11111111111100111
00000000000001101
00000000000000000
00000000000101001
11111111110100111
00000000001011001
