00000000001000000
00000000001010111
00000000001011001
00000000001001110
00000000001001010
00000000001011000
00000000001010010
00000000001000101
00000000000111000
00000000000100101
11111111111100111
11111111100001000
00000001100000001
00000000100101011
00000000011101100
00000000011010010
00000000011010000
00000000011010111
00000000011101111
00000000100110100
00000001100000110
11111111011111100
11111111111100100
00000000000100001
00000000000111000
00000000001000101
00000000001010001
00000000001010010
00000000001001111
00000000001011001
00000000001011110
00000000001011100
00000000000000000
00000000000000101
00000000000011100
00000000000100011
00000000000101001
00000000001010011
00000000001100011
00000000010000001
00000000010101000
00000000011101101
00000000101110110
00000001110011111
11111101001011110
11111111010011000
11111111101011111
11111111110110110
00000000000000000
00000000001000101
00000000010011110
00000000101010101
00000010110100111
11111110001101001
11111111010001001
11111111100010111
11111111101011000
11111111110000101
11111111110100000
11111111110110001
11111111111010010
11111111111100000
11111111111100101
11111111111111010
